8039759  5.3  3.9  2.8  6.3  5.7  3.7  7.3  6.4  4.3  2.5
8225340  0.0  0.4  0.7  6.8  1.0  3.4  3.9  4.9  0.2  2.4
9113099  7.8 10.0  2.5  2.7  2.0  2.6  0.1  4.0  6.5  9.7
8610183  3.3  4.1  1.8  4.2  6.6  1.7  0.2  3.3  8.8  7.6
7454469  1.0  3.9  7.9  1.2  3.0  7.1  6.5  0.7  3.6  5.7
7813988  4.9  0.1  2.9  8.0  6.4  3.1  6.7  6.4  3.8  5.1
9043464  3.4  7.5  0.3  2.1  5.0  0.3  8.5  2.6  0.9  6.4
8953487  0.0  7.0  1.2  0.3  2.6  7.9  9.3  4.1  4.6  2.1
8710741  1.8  5.4  7.4  5.6  0.4  4.5  9.3  3.9  1.9  9.6
7862100  6.6  1.1  2.8  7.5  4.1  3.3  8.0  0.7  7.0  5.8
8371073  3.6  6.9  0.3  8.2  5.6  2.3  5.8  7.4  7.7  3.1
9494946  7.7  8.9  8.7  6.2  8.5  1.2  6.4  5.0  9.0  5.9
8779796  9.2  3.6  0.4  2.7  6.0  4.7  9.0  6.2  1.6  9.3
9014128  8.2  6.8  1.2  2.5  9.9  0.8  7.3  4.1  6.3  2.5
7471819  0.3  3.3  6.3  9.4  9.2  1.9  9.0  5.0  2.1  6.0
8282319  0.7  3.2  4.2  9.0  2.4  5.2  2.7  7.3  8.6  3.9
8191083  1.3  3.6  9.2  7.7  6.1  6.1  9.0  6.4  9.4  1.9
9044898  0.4  8.0  6.8  9.3  3.9  1.0  7.3  1.2  4.3  8.2
6207844 10.0  9.6  0.5  8.5  3.4  6.9  3.4  1.4  0.4  2.5
7592155  8.6  4.6  6.2  4.6  3.1  8.5  6.4  0.2  6.4  3.1
8930968  0.7  3.3  4.8  5.0  1.4  1.6  8.4  8.0  1.1  8.9
7034779  5.8  6.5  2.5  2.8  9.0  8.2  6.0  4.2  9.5  8.8
8932329  7.2  1.7  2.7  0.2  4.8  8.8  3.8  2.1  2.1  5.2
9880579  6.8  5.5  8.2  4.5  0.9  1.1  2.3  3.3  7.6  4.8
7517308  9.7  8.8  7.4  9.1  7.5  2.7  8.2  1.2  4.4  7.6
7551353  6.3  8.5  7.9  5.0  0.3  5.0  5.2  7.1  7.1  3.3
7615893  4.4  0.5  1.3  8.7  1.9  4.1  1.8  8.2  2.8  9.2
8007122  1.8  2.0  4.8  2.8  6.2  2.8  8.6  9.1  8.0  6.4
9370720  1.4  9.3  1.9  5.1  2.5  0.1  3.1  3.5  7.3  4.5
8581156  5.2  0.5  4.0  8.1  9.7  7.9  4.9  8.1  9.9  9.7
8119224  9.2  6.0  5.0  7.1  2.4  9.1  1.9  0.4  4.9  3.8
9585229  0.6  8.7  7.6  7.9  9.8  6.3  0.3  4.9  6.9  4.4
9316124  2.2  1.1  1.2  2.0  7.4  8.7  4.6  3.1  4.7  6.2
7129740  1.9  8.7  4.1  6.8  2.5  6.2  0.8  9.8  1.4  5.0
7337841  1.2  4.6  2.7  8.1  9.0  8.9  1.2  1.1 10.0  9.1
7500615  7.7  0.9  7.1  9.0  7.1  3.9  2.6  9.0  2.5  3.3
7065202  9.6  3.2  1.3  0.9  8.2  5.6  8.8  9.4  0.1  8.1
7180413  6.9  5.3  6.8  3.5  4.3  3.1  4.1  1.9  4.0  1.1
9557291  1.6  6.8  6.7  0.8  0.1  9.1  2.4  6.3  8.9  0.4
8366249  2.6  2.5  9.6  9.4  7.2  3.6  5.0  0.7  8.9  8.4
7316796  1.4  4.9  1.7  2.0  6.0  9.3  3.0  7.7  2.6  6.3
8504228  5.3  7.5  5.6  0.7  4.5  6.1  4.3  7.1  5.2  3.9
7685273  7.5  8.0  3.1  3.0  6.3  3.9  6.1  4.3  8.8  4.4
7667771  0.2  6.0  5.6  2.9  2.2  0.6  2.2  4.2  4.8  4.5
8950809  7.2  5.9  3.0  2.3  6.4  6.0  4.7  0.4  4.0  4.4
8522275  8.3  6.2  1.2  3.6  0.5  7.5  5.0  0.8  0.0  0.5
7292584  7.9  2.5  9.8  2.6  3.6  1.2  8.5  0.7  3.7  1.4
9610350  7.5  4.4  0.5  1.4  5.5  0.5  8.3  0.3  6.7  6.1
7263274  0.2  5.6  8.1  0.2  6.1  8.4  5.8  3.9  7.5  5.5
7665456  3.4  1.6  8.5  7.1  3.0  8.2  3.8  7.1  9.3  4.3
9045630  1.4  0.0  5.0  8.2  6.1  9.0  5.4  6.3  1.1  0.0
8370324  5.0  9.0  7.8  9.1  4.5  7.6  6.8  7.9  9.2  1.9
9579710  6.7  5.3  5.9  5.9  6.2  0.9  0.5  7.7  0.9  2.2
8116447  7.8  7.8  3.3  9.0  4.4  3.1  2.8  6.0  2.1  7.2
7663672  4.7  8.5  7.7  3.8  0.3  9.2  2.6  7.0  4.5  8.5
8274406  9.4  6.7  4.9  0.3  8.9  7.3  4.0  3.3  1.6  3.9
9716288  7.1  5.0  8.6  5.8  8.8  0.2  9.0  3.5  8.7  3.2
7913723  2.3  6.5  9.2  3.4  4.9  8.7  0.7  0.9  5.4  2.2
9938209  6.2  1.8  7.5  7.8  5.7  6.3  0.4  9.4  7.9  5.6
9501875  2.4  0.6  0.1  1.0  3.8  4.0  3.2  2.8  0.5  2.4
9458478  1.0  3.5  2.9  6.4  2.4  0.7  7.3  8.6  2.5  1.3
8459171  7.7  3.3  4.2  2.1  5.6  6.0  8.8  8.0  3.2  5.5
7683711  6.2  8.9  9.9  6.7  1.2  2.6  8.7  9.0  2.8  1.6
9456455  2.3  9.2  3.7  1.5  0.5  6.6  6.4  4.8 10.0  7.2
8188485  9.8  2.3  3.4  3.0  4.4  5.7  6.7  0.5  4.6  6.5
8544311  5.7  2.5  1.3  8.5  0.7  3.3  3.6  3.0  9.1  7.3
8132573  0.5  4.1  4.3  0.4  8.0  7.9  2.5  7.7  0.1  2.5
8787176  8.3  3.9  5.1  2.8  7.0  8.9  1.8  2.7  8.0  9.9
9192909  9.8  1.4  8.4  8.8  5.3  9.5  8.4  5.8  3.6  9.3
8412071  3.7  5.3  5.8  3.8  7.9  9.8  5.0  2.7  0.2  6.7
8718732  2.1  3.9 10.0  0.1  0.3  7.7  8.8  0.0  5.7  7.1
8521893  6.6  3.8  6.8  6.8  9.7  9.7  4.9  3.4  1.5  7.3
7339699  3.6  5.4  8.7  3.9  2.0  0.7  1.1  0.8  4.7  7.7
9519644  1.9  6.3  1.7  7.7  3.4  0.5  8.7  6.6  0.9  2.0
9126256  1.6  4.8  0.5  3.2  8.7  4.4  9.2  2.3  6.4  7.9
7496624  5.2  3.9  5.9  6.5  1.5  6.8  1.5  3.4  3.0  9.9
7723919  0.3  6.3  9.6  7.9  8.4  9.5  8.4  6.6  0.8  5.6
7009006  6.6  2.2  8.5  2.9  6.7  4.6  8.0  1.8  8.5  0.4
8631428  3.8  6.5  6.6  3.5  6.3  4.3  6.5  3.2  7.2  2.7
7861981  8.8  6.0  8.8  9.7  1.5  5.1  5.8  4.7  7.3  4.2
9444081  5.4  2.2  2.4  0.4  9.4  0.7  3.6  3.1  3.8  0.1
9273372  1.0  9.8  9.9  8.3  2.4  0.8  0.3  7.8  3.4  9.1
9981791  0.8  9.8  6.3  8.1  0.5  0.5  8.7  2.5  2.8  7.7
9460337  8.4  6.5  1.8  8.8  3.3  8.5  8.8  4.3  8.2  8.6
7089609  6.0  9.6  4.9  9.4  8.6  9.0  0.9  9.4  8.7  7.3
9752297  7.8  9.4  8.4  7.2  7.0  8.0  5.9  1.9  1.0  7.8
7252978  2.8  6.0  5.3  0.9  1.1  4.4  4.7  7.1  0.5  9.6
7624767  5.1  0.6  1.7  0.4  7.9  5.8  6.3  2.2  1.7  1.2
9072100  9.2  1.9  7.2  0.2  6.3  4.4  4.5  9.1  7.0  6.4
9142747  7.5  1.2  1.7  8.0  7.5  1.4  3.7  9.2  2.0  2.1
7342864  7.9  2.4  8.7  6.3  3.7  1.3  1.5  2.8  3.3  5.4
8085944  6.4  4.2  5.3  3.4  7.2  8.5  8.1  4.6  9.8  6.5
9055116  7.9  9.6  2.9  6.5  1.6  9.2  2.9  6.2  1.5  8.2
8985391  9.6  3.9  4.7  2.8  5.9  4.3  5.6  2.3  5.1  0.8
8091607  9.4  0.3  3.5  5.7  3.4  2.7  6.1  1.2  2.3  5.6
9853863  4.7  7.2  0.0  2.9  5.4  9.1  8.1  4.9  3.0  9.4
8292064  3.7  9.9  7.8  8.8  7.4  0.0  7.7  3.3  7.1  1.2
7305538  3.9  1.6  8.4  2.8  7.2  2.6  6.8  1.9  9.9  3.4
7766350  2.5  9.5  6.7  2.1  5.5  7.6  7.6  9.2  7.4  2.0
7668198  2.0  2.2  4.6  9.1  0.0  0.1  6.2  3.9  1.7  4.5