7916218  5.3  3.9  2.8  6.3  5.7  3.7  7.3  6.4  4.3  2.5
9860697  0.0  0.4  0.7  6.8  1.0  3.4  3.9  4.9  0.2  2.4
9113954  7.8 10.0  2.5  2.7  2.0  2.6  0.1  4.0  6.5  9.7
9247480  3.3  4.1  1.8  4.2  6.6  1.7  0.2  3.3  8.8  7.6
7928839  1.0  3.9  7.9  1.2  3.0  7.1  6.5  0.7  3.6  5.7
9207745  4.9  0.1  2.9  8.0  6.4  3.1  6.7  6.4  3.8  5.1
9900620  3.4  7.5  0.3  2.1  5.0  0.3  8.5  2.6  0.9  6.4
7401488  0.0  7.0  1.2  0.3  2.6  7.9  9.3  4.1  4.6  2.1
8215359  1.8  5.4  7.4  5.6  0.4  4.5  9.3  3.9  1.9  9.6
8891221  6.6  1.1  2.8  7.5  4.1  3.3  8.0  0.7  7.0  5.8
